2633.000000 2755.044189
3271.000000 2699.599121
3074.000000 2579.698730
1654.000000 1407.547363
2338.000000 2681.460938
2792.000000 2207.268555
1401.000000 1954.465576
2483.000000 2527.817871
2217.000000 1678.146973
1747.000000 1589.070801
2044.000000 1537.281982
1342.000000 1384.685303
2067.000000 2418.580078
2717.000000 2675.800049
1764.000000 1629.587891
1917.000000 1968.434814
3264.000000 2381.331543
1373.000000 1091.331543
2759.000000 2060.025391
2866.000000 2437.940186
2494.000000 1854.015503
2049.000000 1699.159790
2924.000000 2868.293945
2355.000000 2077.299072
1311.000000 941.763000
3074.000000 3176.319824
2344.000000 2378.627686
2640.000000 1663.158447
3049.000000 2395.194824
1213.000000 1536.701172
3227.000000 2939.191406
2732.000000 2856.336426
2610.000000 3034.999512
1279.000000 1449.242188
2531.000000 2526.414307
1329.000000 1969.840820
1710.000000 2415.973633
2344.000000 1650.083130
2155.000000 1752.606201
2507.000000 2344.369141
2908.000000 2600.528564
2055.000000 2095.558594
1880.000000 2969.889404
2830.000000 2404.564941
1550.000000 1867.837402
2436.000000 2560.756104
2230.000000 1803.197266
1840.000000 1362.997803
2443.000000 2340.448730
3353.000000 2626.137695
3072.000000 2565.936279
1914.000000 1957.880371
2690.000000 2075.350098
2306.000000 1844.516846
1337.000000 1408.159302
2311.000000 2276.407715
2928.000000 2631.960938
2946.000000 2473.389404
2936.000000 1800.173462
1516.000000 1292.683960
1734.000000 1660.324341
1950.000000 1530.421875
2264.000000 2088.727295
3050.000000 2399.751465
1729.000000 2270.781006
2097.000000 1876.838257
2663.000000 2256.894043
1289.000000 1001.811340
2641.000000 2256.327637
1806.000000 1945.474121
3194.000000 2379.655762
1126.000000 891.157349
2490.000000 2231.063477
1580.000000 2361.010742
2862.000000 2326.587891
2503.000000 1911.432129
2182.000000 1398.794189
1033.000000 1038.119141
1539.000000 1919.017578
3322.000000 2042.876831
1540.000000 1450.312012
1813.000000 1957.712891
1376.000000 1534.755737
3111.000000 2016.677368
650.000000 733.185608
1843.000000 1907.472534
2110.000000 2101.424561
2645.000000 2103.648193
2641.000000 2669.693848
1749.000000 2104.361816
1310.000000 1013.238464
1896.000000 1812.550415
1210.000000 923.814941
3258.000000 2569.131348
2781.000000 2200.929443
1774.000000 2350.824463
2600.000000 2345.563477
2210.000000 2027.770630
1660.000000 1771.613281
2799.000000 1646.091309
2401.000000 2265.611328
2254.000000 1973.377075
2455.000000 1792.785278
2654.000000 2053.430908
2128.000000 1929.345093
1270.000000 1349.141235
1819.000000 1149.903320
1686.000000 1844.155396
2035.000000 1830.443359
2514.000000 1706.418945
1338.000000 1509.468140
1091.000000 1018.161865
1645.000000 1502.351685
1105.000000 859.503235
2098.000000 2413.929932
651.000000 1433.453979
2403.000000 2249.914062
2349.000000 1887.165894
2074.000000 1724.010620
2349.000000 2433.197754
2042.000000 2488.290039
1083.000000 1142.868774
1951.000000 2209.647461
1290.000000 1337.895996
1614.000000 1568.898560
3147.000000 2372.678223
2076.000000 2007.250000
2063.000000 2381.058838
1563.000000 1596.705566
1747.000000 1747.368530
2167.000000 2216.759766
3175.000000 2256.389160
2298.000000 1952.626709
960.000000 1214.438721
1535.000000 1910.741211
3020.000000 2448.137451
2042.000000 1667.828491
2353.000000 1311.867432
2325.000000 1713.010132
854.000000 993.817688
1464.000000 1353.196045
1915.000000 1944.223633
1857.000000 1214.680298
1598.000000 1507.992065
1336.000000 1612.966675
1826.000000 1732.737793
602.000000 770.490784
1767.000000 1589.730103
2410.000000 2097.952393
1820.000000 2086.187988
2918.000000 3117.573730
1271.000000 775.823181
1491.000000 1955.676392
1081.000000 1061.350586
2284.000000 1463.681274
881.000000 769.938538
2203.000000 2583.780762
1931.000000 917.019409
2353.000000 1549.358887
1205.000000 956.742554
1226.000000 1157.032349
1737.000000 1318.220093
1457.000000 1746.170166
1437.000000 1119.906250
2038.000000 1905.651123
1109.000000 1151.352905
2258.000000 1793.666870
962.000000 757.819519
1722.000000 1751.780884
1647.000000 1666.755981
2444.000000 2124.441650
2340.000000 2190.094971
1589.000000 1578.222290
1973.000000 1996.324707
1436.000000 1809.940796
2024.000000 1778.760986
2734.000000 1617.106323
1864.000000 1609.322510
2246.000000 1612.838135
1084.000000 1168.592529
2371.000000 2585.938232
1581.000000 1482.073975
2577.000000 1559.147217
990.000000 1344.613403
1731.000000 1095.250366
2578.000000 1578.202515
2540.000000 1407.254395
1215.000000 1167.345581
2353.000000 1725.175049
1831.000000 1520.661621
3449.000000 2357.867676
1741.000000 1863.051392
936.000000 823.656433
2077.000000 1664.362793
2969.000000 2216.228760
1796.000000 1627.067139
2418.000000 1625.057739
1543.000000 1277.012451
2407.000000 1755.474365
1676.000000 2135.572021
3087.000000 2460.022461
1247.000000 1063.015503
2136.000000 1593.338745
2815.000000 2165.566406
2071.000000 1643.367065
2955.000000 1709.531616
1547.000000 919.633606
1451.000000 1372.739624
1627.000000 1371.510864
1766.000000 1796.118652
1835.000000 1985.997803
1568.000000 1720.787231
2568.000000 1759.521484
2570.000000 2052.585693
783.000000 1001.024902
2423.000000 1698.531738
2438.000000 1776.466675
1895.000000 1269.807495
2539.000000 1763.312256
2229.000000 1106.433838
1707.000000 1483.600952
3185.000000 1370.658325
1986.000000 1684.171875
2185.000000 1561.547974
2248.000000 1606.984497
1496.000000 1106.087769
2048.000000 1586.880493
2704.000000 1145.201416
1561.000000 1467.115601
2401.000000 2286.222168
1670.000000 1211.922729
2023.000000 1270.290771
1451.000000 1086.933960
1645.000000 2041.005127
1523.000000 651.982483
1897.000000 2688.874023
2983.000000 2383.197754
2107.000000 1419.279907
1185.000000 1184.080811
1505.000000 1171.331543
2582.000000 1615.986206
1941.000000 1346.542725
1413.000000 1025.733887
1912.000000 1882.917358
1546.000000 1284.693359
1623.000000 1342.672363
861.000000 820.318665
1534.000000 1013.468872
2837.000000 1520.968384
1723.000000 1770.439209
1957.000000 1976.218750
761.000000 556.471497
1581.000000 1317.514893
1936.000000 1185.949463
1855.000000 1838.681152
2363.000000 2131.042480
1347.000000 961.164734
2279.000000 2116.858643
2351.000000 2270.560303
1771.000000 1305.414062
2437.000000 1927.675537
3268.000000 1821.324707
2126.000000 2121.050049
1100.000000 1290.839111
1257.000000 1144.696899
2135.000000 1847.422363
1358.000000 1279.387939
1725.000000 1124.384277
1673.000000 1370.731689
2231.000000 1543.492310
1387.000000 1455.808350
2709.000000 1650.560547
1556.000000 1448.616821
1837.000000 1855.331787
1222.000000 1209.166260
1686.000000 1476.965698
1314.000000 1971.113770
1986.000000 1323.603760
2571.000000 2024.322144
491.000000 727.780945
822.000000 1379.063599
612.000000 737.911621
1346.000000 1381.197632
1517.000000 1645.685791
2468.000000 1831.682251
1396.000000 1323.085815
1458.000000 957.916870
1265.000000 1159.244751
620.000000 1134.300537
1719.000000 1390.658081
1146.000000 985.317993
1709.000000 2223.592285
3263.000000 1688.317261
1150.000000 1262.967896
1876.000000 1643.966064
1183.000000 1061.814697
1972.000000 1240.890259
781.000000 851.689575
1168.000000 2175.297607
2563.000000 1526.755127
1806.000000 1144.090698
1470.000000 1283.321777
1876.000000 1353.009399
1659.000000 1971.419434
914.000000 881.236877
2399.000000 1437.833252
1119.000000 1104.729492
1200.000000 999.952515
1623.000000 1397.588379
1431.000000 998.979248
1306.000000 1544.386353
957.000000 1141.575195
828.000000 982.134766
1512.000000 1983.357910
1845.000000 1349.013184
1570.000000 1276.528931
1252.000000 1177.235107
1483.000000 1570.769287
1661.000000 1169.040405
2316.000000 2115.421143
2100.000000 1685.982788
1095.000000 846.334534
2155.000000 1813.645996
1481.000000 1303.358887
1172.000000 1182.971680
1584.000000 1386.563965
890.000000 1296.355347
1347.000000 933.279968
1992.000000 1622.172485
1812.000000 1696.703735
1541.000000 1596.833252
951.000000 791.597412
1833.000000 1366.378540
2263.000000 2156.681152
1047.000000 886.598694
3203.000000 2248.091553
2136.000000 1481.205566
1623.000000 1753.993164
1673.000000 1516.405029
1600.000000 1989.656616
1323.000000 1092.740356
1113.000000 1398.626465
1783.000000 1546.045898
1411.000000 1315.144287
1898.000000 972.947754
2343.000000 1597.204956
2410.000000 1510.496338
2647.000000 1615.259766
1146.000000 648.056763
2043.000000 1408.927612
1981.000000 1435.750732
2859.000000 2001.754150
1493.000000 984.242615
2345.000000 1981.674683
894.000061 771.133667
1699.000000 1136.072632
1668.000000 1625.380981
1926.000000 1557.864014
2096.000000 1496.978638
1043.000000 1198.293701
1652.000000 1444.002197
1388.000000 1256.988037
451.000000 865.713989
1930.000000 1435.093506
1266.000000 2189.273682
2333.000000 1242.955566
2618.000000 1845.224854
1614.000000 1364.432983
2165.000000 2353.035156
1081.000000 1508.075562
2533.000000 1824.077393
2622.000000 1506.796997
2508.000000 1639.500854
1927.000000 1551.398682
2386.000000 1641.715088
1871.000000 1875.129150
1780.000000 1354.087524
1448.000000 1067.740723
1792.000000 1684.929688
1354.000000 1220.136108
834.000061 818.929565
2132.000000 1604.259888
2367.000000 1721.918701
2034.000000 1365.753052
1446.000000 1121.834473
1721.000000 2092.140625
2010.000000 1498.076416
1631.000000 1593.775391
1497.000000 1414.436523
1206.000000 1025.152588
2132.000000 1555.015015
1444.000000 1338.799683
1171.000000 635.998169
721.000000 564.025208
2363.000000 1404.419067
1504.000000 1236.299561
1401.000000 1004.771301
1897.000000 1880.029785
2115.000000 1817.760620
361.000000 544.616699
2092.000000 1865.196533
1623.000000 1435.180542
1659.000000 750.291016
1122.000000 1709.913330
1183.000000 1355.331055
1112.000000 1159.656494
697.000000 694.978333
1853.000000 2048.791016
1764.000000 1600.333740
1740.000000 1177.863403
1386.000000 1241.126343
1726.000000 1380.613281
1679.000000 1067.766113
1224.000000 1292.167236
2136.000000 1327.380127
1714.000000 1471.264404
1539.000000 1141.022949
1583.000000 1780.106079
2033.000000 1482.083008
2001.000000 1657.720825
1801.000000 1421.538086
2137.000000 1267.758789
2215.000000 1530.574463
2109.000000 1243.394287
1958.000000 1461.466187
1427.000000 1007.505737
2272.000000 2160.526367
845.000000 1085.672119
359.000000 438.968628
1788.000000 1917.201782
1851.000000 1583.702393
1460.000000 1402.693970
1382.000000 1078.053223
1491.000000 1432.201294
1871.000000 1229.213135
2037.000000 1676.567139
1490.000000 2399.198242
2347.000000 1519.258301
691.000000 564.958069
2244.000000 1300.469727
1202.000000 1516.952148
1490.000000 2294.505371
1775.000000 1497.957520
1744.000000 1792.998779
2077.000000 1275.280518
1794.000000 1300.872437
1593.000000 1192.308838
1386.000000 1496.595825
1452.000000 1174.022949
1744.000000 1147.197266
1576.000000 1125.291870
1985.000000 1028.821045
1430.000000 1742.444946
1399.000000 916.999390
2429.000000 1592.136475
585.000000 628.790466
2186.000000 1463.342896
1068.000000 1489.623047
1601.000000 1375.050781
2932.000000 1355.506714
331.000000 490.581787
1782.000000 1325.232422
2076.000000 1705.850830
1080.000000 815.744812
1118.000000 974.769531
1104.000000 965.696472
1434.000000 992.547668
1143.000000 1313.151367
1731.000000 1571.569824
1635.000000 951.400085
2855.000000 1842.008057
1396.000000 1197.307373
1990.000000 1417.542847
903.000000 1262.667480
1792.000000 1657.733154
2223.000000 666.026245
1073.000000 908.385498
1543.000000 1337.467773
1651.000000 1371.787231
2198.000000 1398.437500
522.000000 531.612183
1673.000000 872.922485
1197.000000 1146.250000
2099.000000 1326.966553
2004.000000 1599.750732
2508.000000 1830.231689
1259.000000 1095.172852
1395.000000 882.500061
1721.000000 1086.628662
2387.000000 1462.580688
1663.000000 1383.480225
1416.000000 908.463135
2191.000000 1764.068726
1864.000000 1626.570679
1225.000000 1003.308594
2154.000000 1534.449463
1345.000000 1198.940552
1843.000000 1447.336426
1988.000000 1281.748535
2461.000000 1775.662109
1605.000000 1403.430664
1577.000000 1107.234131
1990.000000 1067.282715
1639.000000 1249.670410
1416.000000 1177.979736
1047.000000 1276.725342
932.000000 817.070557
1430.000000 1358.471924
1531.000000 1090.678589
1579.000000 1547.627808
1610.000000 986.225403
621.000061 592.570129
1141.000000 1363.813965
1568.000000 1371.940674
1473.000000 1303.870483
1175.000000 1256.180054
751.000000 632.297729
1214.000000 905.098511
1336.000000 1032.364502
1238.000000 1337.774780
1200.000000 1120.186401
2800.000000 1827.154785
2255.000000 1709.348877
1642.000000 1299.533691
1908.000000 2685.039551
1879.000000 1145.225342
2082.000000 1410.666260
1198.000000 1477.245728
2121.000000 1661.750488
1990.000000 1300.011230
1477.000000 1560.431885
1248.000000 1243.844482
1325.000000 990.467041
1569.000000 912.764954
1155.000000 1058.093140
1550.000000 1943.821533
2351.000000 1452.388916
1792.000000 1045.862061
878.000000 481.812012
1690.000000 1467.541992
698.000000 630.127319
2915.000000 1619.581665
1551.000000 1150.113647
2094.000000 1162.642578
1840.000000 1309.180054
963.000000 902.088196
1429.000000 1229.889526
1223.000000 1092.067505
2602.000000 1403.428223
330.000000 461.410156
1286.000000 1369.579102
1559.000000 1565.427856
864.000061 781.473633
702.000000 545.370667
1222.000000 779.963745
1503.000000 1194.015625
2236.000000 1190.323975
577.000000 682.980591
1389.000000 1124.162354
1448.000000 1039.255493
856.000000 1021.859802
1478.000000 859.549805
1764.000000 1090.282959
1794.000000 1561.637817
1906.000000 1263.437744
1964.000000 1555.807129
823.000000 586.173706
2229.000000 1502.529053
1688.000000 1304.008179
1428.000000 1197.093872
1198.000000 929.612671
1229.000000 1155.044189
721.000000 654.441711
1480.000000 1117.472412
611.000000 1055.010132
922.000000 1208.242432
1703.000000 1563.715454
1279.000000 1185.468628
2366.000000 1763.270630
2324.000000 1521.483521
1269.000000 1337.910889
1429.000000 1233.129395
1490.000000 1037.275879
2207.000000 1624.957031
1633.000000 1244.646362
1718.000000 1566.002075
2563.000000 1256.520142
1424.000000 941.274719
2509.000000 1548.744873
1958.000000 1486.657227
2083.000000 1410.410278
832.000000 924.080078
1084.000000 784.810486
1513.000000 1240.682373
2476.000000 1415.097778
623.000061 866.069153
1224.000000 1309.521606
1340.000000 1309.324341
1366.000000 1057.699951
720.000000 1678.235596
1954.000000 1640.406128
608.000000 553.412170
1543.000000 981.006714
1264.000000 1186.454712
1439.000000 888.478821
1553.000000 1442.546753
744.000061 637.250732
2277.000000 1055.851196
1657.000000 1082.186279
1872.000000 1547.066772
1055.000000 1335.647217
2326.000000 1197.299805
705.000000 633.587463
1287.000000 1146.838013
1793.000000 1300.000610
1816.000000 1238.335205
1730.000000 892.909729
1232.000000 1042.435547
1850.000000 1415.796631
1986.000000 1282.434570
1590.000000 1265.464111
2155.000000 1019.961975
948.000000 851.088074
704.000000 842.671204
1195.000000 813.032715
1670.000000 1628.608398
1035.000000 1075.559448
1414.000000 1105.360229
1755.000000 1299.620361
2003.000000 1351.811646
942.000000 443.221313
2790.000000 762.672363
371.000000 603.136597
1815.000000 1207.942627
1571.000000 1104.362183
1614.000000 1318.246704
2099.000000 1368.619141
1864.000000 1360.677612
948.000000 1096.355347
1237.000000 1198.801270
1262.000000 1137.946533
1074.000000 1149.080200
1369.000000 1220.961426
800.000000 946.515625
1405.000000 1064.800903
947.000000 937.329102
1652.000000 1217.327393
2670.000000 1349.317627
1613.000000 994.010803
2439.000000 1063.463989
1583.000000 1179.378296
1248.000000 1288.590820
1024.000000 928.033691
1368.000000 1048.923950
1233.000000 1171.804443
1504.000000 1568.389771
1812.000000 1533.530029
1412.000000 1553.287109
1390.000000 917.110596
1272.000000 796.338074
1284.000000 1162.681030
1261.000000 761.064880
2085.000000 1154.246216
1334.000000 1306.923828
1328.000000 1137.279175
1684.000000 1272.285889
1991.000000 1151.526367
261.000000 496.003540
611.000000 684.828430
1159.000000 968.928528
2495.000000 626.797607
2045.000000 1713.066406
783.000000 871.151489
1695.000000 1635.775391
1274.000000 1038.532471
1564.000000 1200.178711
2028.000000 908.693298
895.000061 1177.209229
946.000000 1316.325195
755.000000 1118.458252
450.000000 641.511963
2585.000000 1286.893066
1705.000000 1225.601440
1043.000000 1028.020264
1561.000000 1108.974487
985.000000 754.899719
1775.000000 1484.754639
1067.000000 881.953552
1230.000000 711.749939
1204.000000 1076.796143
753.000000 934.842102
1285.000000 1147.374512
1204.000000 1021.570557
888.000000 1036.992432
1056.000000 1171.941895
2058.000000 1415.515259
2094.000000 1576.963501
1449.000000 1114.834839
1808.000000 1144.296143
1637.000000 1330.664185
1465.000000 1345.385010
1385.000000 1178.654785
1068.000000 934.740356
1626.000000 840.466125
877.000000 556.192871
1855.000000 1227.606567
1242.000000 1169.170898
1247.000000 1040.771973
1339.000000 1152.659546
1352.000000 630.786072
1691.000000 1004.805603
1499.000000 964.399963
1502.000000 1351.675415
1058.000000 1179.152588
1276.000000 954.899780
933.000000 560.876648
1353.000000 1178.848633
1265.000000 770.182800
1649.000000 1580.865234
1104.000000 789.131836
1181.000000 1047.782715
1385.000000 1163.392822
761.000000 832.666748
1366.000000 861.981750
1694.000000 1322.476685
1368.000000 999.390015
1604.000000 1234.150391
1453.000000 1009.521973
1263.000000 787.717957
849.000000 1024.637451
840.000000 1258.346558
895.999939 1058.882935
1118.000000 838.165894
772.000061 761.899963
782.000000 920.455627
1334.000000 962.720398
1369.000000 1283.996826
651.000000 1293.715820
1475.000000 1054.407471
470.000000 479.865845
1060.000000 1018.354431
1365.000000 1189.488770
1264.000000 646.014832
1110.000000 768.529663
1503.000000 1022.163879
1303.000000 1510.673096
1764.000000 1127.502319
1182.000000 814.586426
1449.000000 1054.754761
1726.000000 922.827881
1144.000000 1349.913940
1423.000000 669.444824
1521.000000 953.652222
1263.000000 981.276001
1716.000000 1046.070190
2327.000000 1246.985352
2184.000000 1073.317261
593.000061 519.483032
1757.000000 849.612366
1428.000000 783.743347
1913.000000 1105.175171
1041.000000 1095.729126
2237.000000 1388.831543
1209.000000 671.695618
900.000000 749.324341
1297.000000 1535.800659
302.000000 388.255493
2320.000000 977.382690
1001.000000 953.066711
1251.000000 1126.870483
1609.000000 939.320129
710.000000 709.892151
1194.000000 1156.830078
1688.000000 1185.420166
1136.000000 964.707153
981.000000 1124.013672
694.000000 1012.300720
570.000000 743.114624
1423.000000 907.480042
1274.000000 1094.445557
1007.000000 882.764465
1510.000000 1165.772705
727.000000 696.633240
1225.000000 835.846375
991.000000 1215.986328
1007.000000 898.449524
1164.000000 764.335938
862.000000 878.666687
1675.000000 878.034058
1286.000000 1098.337158
963.000000 889.507202
1712.000000 1274.456299
1181.000000 1155.050049
977.000000 845.130493
1285.000000 1163.489746
1203.000000 638.683899
1149.000000 755.825256
1586.000000 1142.735229
699.000000 914.808289
1614.000000 826.122009
1069.000000 848.937500
973.000000 565.512817
597.000000 713.585815
1364.000000 735.228027
775.999939 701.770325
1355.000000 1172.621094
1213.000000 1008.123291
1119.000000 2312.624023
762.000000 696.183472
1024.000000 583.429504
609.000000 889.840393
1232.000000 884.452148
972.000000 719.345886
862.000000 928.401978
1755.000000 1160.734131
1630.000000 1130.603638
993.000000 699.508850
1108.000000 1268.928955
387.000000 375.246826
1119.000000 771.026428
927.000000 805.159485
1441.000000 1154.713257
1488.000000 866.789307
885.000000 827.947449
705.000000 670.901428
1309.000000 1193.307739
1744.000000 941.195984
915.000000 948.766113
780.000000 1501.880615
1318.000000 928.253845
802.000000 936.589844
1134.000000 675.308228
1047.000000 902.647400
462.000000 564.855591
1162.000000 903.060364
788.000000 645.058411
651.000000 1132.406250
1202.000000 871.426941
1187.000000 948.386841
710.000000 1078.720947
1341.000000 789.776306
1167.000000 1036.595093
821.000000 1009.813171
1350.000000 913.482056
906.000000 933.286377
540.000000 726.481628
1091.000000 1144.949707
489.000000 778.648132
879.000000 837.642212
749.000000 765.425110
1229.000000 1751.204712
967.000000 720.360535
1002.000000 490.908447
966.000000 713.474060
1402.000000 935.326111
1769.000000 1094.571899
1056.000000 886.581909
998.000000 749.607178
923.000000 767.864807
1211.000000 991.830627
601.000000 628.729492
643.000000 761.904053
1167.000000 1006.357483
696.000000 613.812744
781.000000 1259.743408
834.000061 797.887756
629.000000 830.642334
1057.000000 829.923584
722.000000 836.361572
999.000000 1024.868042
1000.000000 808.731567
974.000000 908.344482
1606.000000 616.003174
779.000000 907.827087
350.000000 440.952515
1377.000000 1184.624756
1084.000000 1261.907715
321.000000 401.884766
912.000000 874.133057
1328.000000 1438.776733
1332.000000 855.201660
1174.000000 1035.334961
1489.000000 934.323547
988.000000 872.062683
816.000000 728.081299
756.000000 751.999817
771.000000 688.428101
781.000000 673.674438
684.999939 892.721436
956.000000 642.446594
291.000000 425.179321
826.000000 1021.564331
522.000000 693.939575
632.000000 855.352661
420.000000 702.618591
1017.000000 1117.362061
1201.000000 939.412598
1216.000000 800.408325
961.000000 719.985168
954.000000 604.574280
441.000000 641.449707
1190.000000 937.453186
736.000000 935.617065
494.000000 539.573181
1544.000000 869.086121
959.000000 927.569092
696.000000 967.362122
901.000000 1076.096924
231.000000 274.540649
360.000000 517.394775
1012.000000 956.799805
1019.000000 1188.740967
641.000000 565.045410
828.000000 807.331360
663.000000 604.662109
1174.000000 664.577515
1306.000000 458.552612
493.000000 524.267822
1339.000000 1214.315186
774.999939 740.158142
816.000000 656.371887
2344.000000 900.766968
617.000000 670.473328
561.000061 708.967346
628.000000 745.744324
683.000061 508.940552
1357.000000 1023.467773
1170.000000 1134.782959
1306.000000 871.998657
392.000000 483.437134
2035.000000 984.766418
1492.000000 955.262939
870.000000 771.400085
928.000000 626.245300
805.000061 621.860962
696.000000 537.574036
689.000000 687.237305
1397.000000 886.760376
1066.000000 1002.610657
1347.000000 1161.511597
688.000000 745.847839
1182.000000 619.438049
1855.000000 795.206970
513.000000 471.927246
1233.000000 836.654785
1206.000000 901.543457
902.000000 833.451416
633.000000 632.923096
863.000061 707.818481
692.000000 682.909424
815.000000 724.063538
1199.000000 896.176819
492.000000 894.223328
923.000000 669.082275
1782.000000 856.382202
603.000000 684.258850
339.000000 611.448486
1468.000000 692.366577
411.000000 428.839844
777.999939 1019.006653
811.000000 719.833313
1023.000000 834.047180
567.000000 620.738037
1602.000000 638.070557
1172.000000 587.870728
1103.000000 1005.925354
500.000000 748.378235
270.000000 357.949097
586.000000 632.431763
743.000061 732.462646
812.000000 915.611694
2147.000000 766.725159
621.000061 554.407227
1332.000000 641.493530
1084.000000 719.593506
431.000000 611.282898
678.000000 618.567505
922.000000 766.403748
770.000000 644.527649
1221.000000 969.813354
599.000000 537.546692
569.000000 609.128601
1057.000000 859.241333
1044.000000 533.387695
415.000000 1011.776184
1055.000000 786.837952
593.000061 495.412476
1120.000000 951.591919
612.000000 596.964111
301.000000 324.700195
608.000000 566.644531
659.000000 519.624268
2152.000000 813.133972
951.000000 824.790100
791.000000 451.569702
612.000000 589.838379
553.000000 567.145447
907.000000 818.874084
620.000000 671.922485
964.000000 716.831299
2609.000000 2675.308105
2866.000000 1870.666870
2247.000000 1716.898193
2020.000000 2420.958496
1736.000000 1317.202759
2659.000000 1865.808105
1987.000000 1568.325806
1510.000000 2183.454102
1662.000000 1700.143311
3099.000000 2412.995361
2794.000000 2047.555664
2056.000000 1786.219604
2420.000000 1870.354492
1687.000000 1627.733398
2450.000000 1500.513306
3168.000000 3355.441895
2915.000000 2589.687012
1823.000000 1540.850586
2978.000000 2277.919434
2317.000000 1837.929688
2259.000000 2269.841309
2597.000000 2319.376953
2504.000000 2811.006348
3216.000000 2385.025146
2364.000000 2270.176025
2216.000000 1784.994873
1052.000000 881.749878
1267.000000 1034.142334
2890.000000 2232.961670
2491.000000 1268.109741
3025.000000 3101.618896
2294.000000 2930.064453
2787.000000 2355.052979
2238.000000 1735.524536
2419.000000 1921.291626
2266.000000 1382.358398
2212.000000 2098.212402
2023.000000 1618.963379
2440.000000 1982.568115
833.000061 898.401184
1891.000000 1306.056885
2478.000000 2406.067383
1898.000000 1824.930298
945.000000 812.705505
2089.000000 1590.209229
1954.000000 1804.487183
3332.000000 2493.480225
2665.000000 1576.381348
2291.000000 1498.040894
1793.000000 2120.035400
2723.000000 1795.959717
1801.000000 1439.309448
1481.000000 1792.859985
2836.000000 2341.551514
2024.000000 1327.881470
1998.000000 2371.135254
2466.000000 2004.825195
2280.000000 1491.120972
1805.000000 1817.438110
1554.000000 1073.371582
2676.000000 2428.319824
2961.000000 2257.189453
1681.000000 1585.088867
1241.000000 1681.863037
1604.000000 1315.401245
2193.000000 2264.237793
1263.000000 1481.633667
2338.000000 2634.610596
1786.000000 1743.965576
1845.000000 1472.307861
2503.000000 2121.499512
1625.000000 1255.055176
1523.000000 1340.593872
932.000000 1171.545166
2600.000000 1640.066040
2560.000000 2434.096191
2567.000000 2005.360107
2391.000000 2365.368164
2206.000000 1380.642822
2376.000000 2674.373047
2063.000000 1563.206909
2285.000000 1501.083008
2208.000000 2059.904297
1821.000000 1559.586304
1927.000000 1711.984009
1356.000000 1637.674438
2016.000000 1751.441406
703.000000 921.298157
1966.000000 2241.672607
1096.000000 901.343323
1111.000000 1035.404785
2767.000000 1784.437988
1004.000000 781.779541
1263.000000 1637.175415
2999.000000 2201.890869
1619.000000 1399.123901
1666.000000 1350.311523
1336.000000 1017.611206
2329.000000 1855.587280
2208.000000 1677.622314
2521.000000 1847.961914
1224.000000 1158.147705
2102.000000 2197.365479
1923.000000 1347.022217
2099.000000 1663.634033
1289.000000 1126.177856
1639.000000 1449.852905
1372.000000 999.871948
1029.000000 976.074219
1522.000000 1215.748291
1263.000000 572.459534
2519.000000 1978.346191
700.000000 1634.485352
1663.000000 1629.657593
1646.000000 1365.369141
1305.000000 1445.817383
791.000000 995.617249
2973.000000 1468.524048
1592.000000 1165.573120
1501.000000 1858.546387
2026.000000 1768.542480
2076.000000 1878.494629
2082.000000 1440.148560
1420.000000 1169.366821
1213.000000 981.646667
1805.000000 1056.072998
1032.000000 1016.609436
2750.000000 1693.507935
1033.000000 972.193542
2918.000000 1919.431641
1930.000000 1383.908447
2299.000000 1749.357300
861.000000 667.671387
1449.000000 1080.341309
1970.000000 1330.388428
2786.000000 1875.349854
1359.000000 2163.863281
2276.000000 1706.586182
1037.000000 1038.940552
1437.000000 1222.061279
2139.000000 1426.979126
1724.000000 1000.370605
1467.000000 1052.083740
1941.000000 1815.726685
1330.000000 2281.773193
879.000000 1162.300903
2235.000000 1557.843140
1959.000000 1326.320068
1719.000000 1685.652100
2847.000000 1782.036255
982.000000 1055.799561
2616.000000 1650.904663
1487.000000 1242.104736
3103.000000 1682.167847
1416.000000 805.440430
1215.000000 1033.706055
1597.000000 1833.109497
1340.000000 1271.188477
1729.000000 1306.921021
3110.000000 1869.037231
2891.000000 2093.857422
2132.000000 1466.491089
2875.000000 2049.638672
1621.000000 1457.007446
1938.000000 1420.590210
1973.000000 2023.714844
1867.000000 1189.254028
1317.000000 853.301208
1650.000000 1714.111084
2118.000000 1238.246826
2553.000000 1504.618286
1726.000000 1645.884399
1183.000000 1256.586670
1643.000000 1100.273560
1676.000000 1166.897339
2105.000000 1662.855713
2031.000000 2756.301270
816.000000 924.298218
2401.000000 2063.121826
2556.000000 1237.241211
1626.000000 1178.783936
2172.000000 2123.396240
1555.000000 1488.070068
1252.000000 1595.517944
991.000000 1165.651489
2063.000000 1830.019409
1865.000000 1606.424927
2331.000000 1723.045654
2181.000000 1819.995972
2538.000000 1530.609863
1014.000000 1167.363647
2395.000000 1573.261230
1480.000000 1318.373535
1457.000000 972.012451
1808.000000 1555.511597
1455.000000 1243.368774
1663.000000 1327.871826
3517.000000 1466.400635
1389.000000 1332.641479
1471.000000 1309.286255
1547.000000 1348.885742
1636.000000 2059.161865
1262.000000 1045.112549
2350.000000 1522.669800
1260.000000 1129.885498
1363.000000 954.547241
1121.000000 610.121826
1780.000000 1722.731567
972.000000 873.012329
1715.000000 1317.956177
1348.000000 1455.950806
1871.000000 2276.368652
1427.000000 1792.075928
1330.000000 824.271851
1503.000000 1083.189697
744.999939 1091.735840
1354.000000 1391.665771
1842.000000 1460.661987
1291.000000 1295.030762
2330.000000 1303.765137
1121.000000 988.324402
1808.000000 1341.478027
1992.000000 1067.018311
1474.000000 1218.054565
1639.000000 1397.034790
1147.000000 757.361816
2845.000000 1045.510010
1063.000000 701.775085
837.999939 1217.327515
1058.000000 966.732239
1106.000000 801.031311
987.000000 1331.548218
1072.000000 618.792542
1224.000000 1420.550415
1425.000000 1257.326904
1212.000000 1230.720459
1470.000000 1516.354492
1260.000000 1259.450684
1800.000000 1359.286621
1729.000000 1339.575073
1387.000000 874.103394
1697.000000 1261.793701
980.000000 1032.302002
1916.000000 690.103394
1230.000000 943.434143
895.000061 919.909302
1608.000000 1333.642456
1536.000000 1085.526489
572.000000 804.739685
1798.000000 1070.929321
1451.000000 1094.737061
2140.000000 1489.450806
1096.000000 798.137817
1906.000000 1363.539917
1401.000000 1265.788452
1071.000000 1091.263794
1058.000000 1013.157166
582.000000 592.617371
1504.000000 931.660828
2292.000000 1081.031372
1093.000000 899.689148
1458.000000 763.486511
1210.000000 954.482910
1334.000000 1457.432007
551.000000 772.446167
1312.000000 2663.512695
1136.000000 2054.563721
1965.000000 1677.483398
1213.000000 1069.883057
1546.000000 979.936462
1539.000000 1297.515137
964.000000 803.675415
1955.000000 1294.511108
1234.000000 722.232910
1428.000000 1050.648071
1814.000000 1395.120850
1444.000000 1326.770264
1060.000000 904.503906
834.000061 870.286621
1733.000000 1344.994507
1494.000000 1263.463135
1741.000000 1126.979370
1519.000000 1329.460693
902.000000 571.814270
1476.000000 1148.459717
1167.000000 1228.159302
927.000000 942.394531
396.000000 465.122559
872.000000 866.518860
1194.000000 819.974731
1435.000000 1649.918945
1465.000000 947.106750
1754.000000 1032.833618
1002.000000 776.825073
1274.000000 1128.086914
968.000000 844.804016
1040.000000 992.303406
1317.000000 1187.164062
743.000061 834.111633
1817.000000 932.357910
933.000000 899.427307
618.000000 555.076660
939.000000 908.768982
1611.000000 1253.395752
2216.000000 1325.907349
1434.000000 875.406799
791.000000 743.906799
683.000061 676.211670
1748.000000 1198.377441
839.000000 946.135559
961.000000 1130.381836
1890.000000 1339.814453
728.000000 818.736389
632.000000 833.573303
871.000000 977.295715
1292.000000 1131.066284
1572.000000 903.356323
1062.000000 1052.677856
1248.000000 1112.673584
1354.000000 1137.452148
1210.000000 1396.204834
726.000000 862.996887
1842.000000 1124.062866
1674.000000 844.701721
764.000000 1149.214111
1353.000000 1031.858887
1382.000000 1142.797607
772.000061 677.174072
1483.000000 1479.461426
1280.000000 919.164490
861.000000 819.991150
882.000000 873.950928
1064.000000 384.403687
851.000000 747.223328
661.000000 844.869141
662.000000 859.936157
1633.000000 869.676025
592.000061 742.444458
1113.000000 959.560364
500.000000 414.856079
1202.000000 1296.363037
809.000000 831.081848
2360.000000 1044.353882
1500.000000 1077.445801
1284.000000 929.015381
797.000000 891.196350
1051.000000 1002.933228
753.000000 900.464600
729.000000 1185.457520
790.000000 756.352844
920.000000 732.515808
1394.000000 564.710938
1078.000000 906.827637
1422.000000 983.170288
996.000000 916.228149
982.000000 833.056152
1189.000000 867.382751
803.000061 950.673950
722.000000 492.944824
865.000061 669.588318
1320.000000 938.243896
1313.000000 795.616699
615.000000 857.889526
863.000061 775.369995
943.000000 961.046997
864.000061 1251.460938
579.000000 698.726318
821.000000 669.858276
512.000000 689.470642
1049.000000 818.298096
1065.000000 933.786804
1620.000000 877.139771
648.000000 553.131836
664.000000 421.544556
460.000000 867.927063
1026.000000 1087.601807
722.000000 446.590820
888.000000 654.206055
1060.000000 710.998413
731.000000 813.563965
1037.000000 983.603455
893.000061 670.164185
1698.000000 801.211975
1150.000000 747.367371
789.000000 866.660950
620.000000 875.794556
1215.000000 646.819092
996.000000 690.230042
2151.000000 873.715332
758.000000 697.989380
1055.000000 834.032654
751.000000 984.120483
681.000000 526.762207
783.000000 545.873962
582.000000 860.003540
734.000000 645.332397
2338.000000 744.435913
780.000000 683.596375
507.000000 502.174072
563.000061 606.397949
